50000
20000
100000
100000
100000
50000
50000
50000
20000
20000
100000
50000
50000
50000
20000
20000
2000000
50000
50000
50000
20000
20000
500000
200000
200000
200000
50000
20000
20000
20000
200000
200000
100000
100000
50000
50000
50000
50000
50000
20000
100000
50000
50000
50000
20000
20000
500000
100000
100000
50000
20000
20000
200000
100000
100000
50000
200000
100000
200000
100000
50000
20000
1000000
200000
100000
50000
50000
50000
20000
20000
20000
20000
200000
50000
20000
20000
50000
20000
500000
200000
200000
100000
20000
100000
20000
100000
50000
50000
20000
20000
2000000
200000
200000
100000
100000
100000
100000
100000
50000
50000
50000
50000
50000
20000
20000
20000
200000
200000
100000
100000
50000
20000
20000
500000
100000
50000
20000
200000
200000
200000
100000
50000
50000
50000
50000
20000
20000
100000
100000
100000
50000
50000
50000
50000
50000
20000
5000000
200000
200000
200000
100000
50000
50000
20000
2000000
200000
200000
200000
100000
100000
100000
100000
100000
100000
100000
100000
50000
20000
200000
50000
50000
50000
1000000
200000
200000
200000
100000
100000
100000
50000
50000
50000
50000
20000
20000
1000000
200000
100000
100000
100000
50000
50000
50000
20000
20000
1000000
200000
200000
100000
50000
50000
50000
50000
20000
20000
20000
500000
200000
50000
20000
20000
500000
100000
100000
50000
50000
50000
20000
2000000
200000
200000
200000
100000
100000
100000
100000
50000
20000
20000
